desert     0  0 0.75 0.00 1.00 0.25
water      1  0 0.00 0.25 0.25 0.50
grass      2  0 0.00 0.00 0.25 0.25
snow       3  0 0.50 0.00 0.75 0.25
rock_1     4  0 0.25 0.00 0.50 0.25
rock_2     5  0 0.25 0.25 0.50 0.50
MeatGolem  6  3 0.048828125 0.00 0.099609375 0.046875
Swordsman  7  3 0.048828125 0.00 0.099609375 0.046875
Archer     8  3 0.00 0.00 0.0283203125 0.0341796875
Worker     9 3 0.00 0.00 0.0283203125 0.0341796875
Cavalier   10  3 0.105469 0 0.149414 0.0537109
Selection  11 3 0.0263672 0.253906 0.120117 0.347656
fog_of_war 12  1 0.75 0.00 1.00 0.25
Forum      13 3 0 0.148438 0.0957031 0.227539
Square_Sel 14 3 0.145507 0.257812 0.227539 0.344726
